1491103796.039889 2.162373 1 0 1000 2.162373 1.081186 1.081186 1000
1491103796.044540 2.163813 2 1 1000 0.001440 0.541313 1.622500 1000
1491103796.049226 2.163935 3 2 1000 0.000122 0.270718 1.893217 1000
1491103796.056232 2.164021 4 3 1000 0.000086 0.135402 2.028619 1000
1491103796.059712 2.164541 5 4 1000 0.000520 0.067961 2.096580 1000
1491103796.063680 2.164573 6 5 1000 0.000032 0.033996 2.130577 1000
1491103796.067611 2.164642 7 6 1000 0.000069 0.017033 2.147609 1000
1491103796.071626 2.164627 8 7 1000 -0.000015 0.008509 2.156118 1000
1491103796.078763 2.164441 9 8 1000 -0.000186 0.004161 2.160280 1000
1491103796.082867 2.164337 10 9 1000 -0.000104 0.002029 2.162308 1000
1491103796.088856 2.164516 11 10 1000 0.000179 0.001104 2.163412 1000
1491103796.092771 2.164601 12 11 1000 0.000085 0.000594 2.164007 1000
1491103796.096829 2.164543 13 12 1000 -0.000058 0.000268 2.164275 1000
1491103796.100736 2.164636 14 13 1000 0.000093 0.000181 2.164455 1000
1491103796.104813 2.164624 15 14 1000 -0.000012 0.000084 2.164540 1000
1491103796.111907 2.164542 16 15 1000 -0.000082 0.000001 2.164541 1000
1491103796.115823 2.164626 17 16 1000 0.000084 0.000043 2.164583 1000
1491103796.119811 2.164638 18 17 1000 0.000012 0.000027 2.164611 1000
1491103796.126274 2.164577 19 18 1000 -0.000061 -0.000017 2.164594 1000
1491103796.130334 2.164517 20 19 1000 -0.000060 -0.000038 2.164556 1000
1491103796.134878 2.164469 21 20 1000 -0.000048 -0.000043 2.164512 1000
1491103796.139100 2.164247 22 21 1000 -0.000222 -0.000133 2.164380 1000
1491103796.143138 2.164209 23 22 1000 -0.000038 -0.000085 2.164294 1000
1491103796.146838 2.164522 24 23 1000 0.000313 0.000114 2.164408 1000
1491103796.150901 2.164459 25 24 1000 -0.000063 0.000025 2.164434 1000
1491103796.154733 2.164627 26 25 1000 0.000168 0.000097 2.164530 1000
1491103796.158751 2.164609 27 26 1000 -0.000018 0.000039 2.164570 1000
1491103796.162817 2.164543 28 27 1000 -0.000066 -0.000013 2.164556 1000
1491103796.166904 2.164523 29 28 1000 -0.000020 -0.000017 2.164540 1000
1491103796.170989 2.164623 30 29 1000 0.000100 0.000042 2.164581 1000
1491103796.175279 2.164333 31 30 1000 -0.000290 -0.000124 2.164457 1000
1491103796.179330 2.164390 32 31 1000 0.000057 -0.000034 2.164424 1000
1491103796.183086 2.164634 33 32 1000 0.000244 0.000105 2.164529 1000
1491103796.187075 2.164645 34 33 1000 0.000011 0.000058 2.164587 1000
1491103796.191572 2.164148 35 34 1000 -0.000497 -0.000219 2.164368 1000
1491103796.195995 2.163725 36 35 1000 -0.000423 -0.000321 2.164046 1000
1491103796.199113 2.164607 37 36 1000 0.000882 0.000280 2.164327 1000
1491103796.203070 2.164650 38 37 1000 0.000043 0.000162 2.164488 1000
1491103796.207981 2.164634 39 38 1000 -0.000016 0.000073 2.164561 1000
1491103796.212167 2.164448 40 39 1000 -0.000186 -0.000057 2.164505 1000
1491103796.215999 2.164616 41 40 1000 0.000168 0.000056 2.164560 1000
1491103796.219994 2.164621 42 41 1000 0.000005 0.000030 2.164591 1000
1491103796.224106 2.164509 43 42 1000 -0.000112 -0.000041 2.164550 1000
1491103796.228097 2.164518 44 43 1000 0.000009 -0.000016 2.164534 1000
1491103796.231968 2.164647 45 44 1000 0.000129 0.000057 2.164591 1000
1491103796.235969 2.164646 46 45 1000 -0.000001 0.000028 2.164618 1000
1491103796.239996 2.164619 47 46 1000 -0.000027 0.000000 2.164619 1000
1491103796.243979 2.164636 48 47 1000 0.000017 0.000009 2.164627 1000
1491103796.248399 2.164216 49 48 1000 -0.000420 -0.000206 2.164422 1000
1491103796.251941 2.164674 50 49 1000 0.000458 0.000126 2.164548 1000
1491103796.255977 2.164638 51 50 1000 -0.000036 0.000045 2.164593 1000
1491103796.260223 2.164392 52 51 1000 -0.000246 -0.000100 2.164492 1000
1491103796.263971 2.164644 53 52 1000 0.000252 0.000076 2.164568 1000
1491103796.268091 2.164524 54 53 1000 -0.000120 -0.000022 2.164546 1000
1491103796.272019 2.164596 55 54 1000 0.000072 0.000025 2.164571 1000
1491103796.276027 2.164621 56 55 1000 0.000025 0.000025 2.164596 1000
1491103796.280242 2.164405 57 56 1000 -0.000216 -0.000096 2.164501 1000
1491103796.284005 2.164642 58 57 1000 0.000237 0.000071 2.164571 1000
1491103796.288141 2.164506 59 58 1000 -0.000136 -0.000033 2.164539 1000
1491103796.292132 2.164555 60 59 1000 0.000049 0.000008 2.164547 1000
1491103796.296122 2.164565 61 60 1000 0.000010 0.000009 2.164556 1000
1491103796.300310 2.164476 62 61 1000 -0.000089 -0.000040 2.164516 1000
1491103796.304333 2.164453 63 62 1000 -0.000023 -0.000031 2.164485 1000
1491103796.308264 2.164522 64 63 1000 0.000069 0.000019 2.164503 1000
1491103796.312187 2.164599 65 64 1000 0.000077 0.000048 2.164551 1000
1491103796.316102 2.164684 66 65 1000 0.000085 0.000066 2.164618 1000
1491103796.320107 2.164679 67 66 1000 -0.000005 0.000031 2.164648 1000
1491103796.324103 2.164683 68 67 1000 0.000004 0.000017 2.164666 1000
1491103796.328372 2.164414 69 68 1000 -0.000269 -0.000126 2.164540 1000
1491103796.332091 2.164695 70 69 1000 0.000281 0.000078 2.164617 1000
1491103796.336115 2.164671 71 70 1000 -0.000024 0.000027 2.164644 1000
1491103796.340691 2.164095 72 71 1000 -0.000576 -0.000275 2.164370 1000
1491103796.344120 2.164668 73 72 1000 0.000573 0.000149 2.164519 1000
1491103796.348185 2.164625 74 73 1000 -0.000043 0.000053 2.164572 1000
1491103796.352244 2.164605 75 74 1000 -0.000020 0.000017 2.164589 1000
1491103796.356238 2.164620 76 75 1000 0.000015 0.000016 2.164604 1000
1491103796.360180 2.164678 77 76 1000 0.000058 0.000037 2.164641 1000
1491103796.364192 2.164687 78 77 1000 0.000009 0.000023 2.164664 1000
1491103796.368304 2.164589 79 78 1000 -0.000098 -0.000038 2.164626 1000
1491103796.372219 2.164683 80 79 1000 0.000094 0.000028 2.164655 1000
1491103796.376251 2.164660 81 80 1000 -0.000023 0.000003 2.164657 1000
1491103796.380543 2.164368 82 81 1000 -0.000292 -0.000145 2.164513 1000
1491103796.384376 2.164552 83 82 1000 0.000184 0.000020 2.164532 1000
1491103796.388440 2.164488 84 83 1000 -0.000064 -0.000022 2.164510 1000
1491103796.392430 2.164498 85 84 1000 0.000010 -0.000006 2.164504 1000
1491103796.396466 2.164507 86 85 1000 0.000009 0.000001 2.164505 1000
1491103796.400288 2.164688 87 86 1000 0.000181 0.000091 2.164597 1000
1491103796.404476 2.164510 88 87 1000 -0.000178 -0.000043 2.164553 1000
1491103796.408527 2.164459 89 88 1000 -0.000051 -0.000047 2.164506 1000
1491103796.412334 2.164652 90 89 1000 0.000193 0.000073 2.164579 1000
1491103796.416608 2.164408 91 90 1000 -0.000244 -0.000086 2.164494 1000
1491103796.420662 2.164354 92 91 1000 -0.000054 -0.000070 2.164424 1000
1491103796.424344 2.164672 93 92 1000 0.000318 0.000124 2.164548 1000
1491103796.428617 2.164511 94 93 1000 -0.000161 -0.000018 2.164529 1000
1491103796.432954 2.164174 95 94 1000 -0.000337 -0.000178 2.164352 1000
1491103796.436593 2.164535 96 95 1000 0.000361 0.000092 2.164443 1000
1491103796.440586 2.164542 97 96 1000 0.000007 0.000049 2.164493 1000
1491103796.444495 2.164633 98 97 1000 0.000091 0.000070 2.164563 1000
1491103796.451865 2.164561 99 98 1000 -0.000072 -0.000001 2.164562 1000
1491103796.455854 2.164572 100 99 1000 0.000011 0.000005 2.164567 1000
1491103796.459855 2.164571 101 100 1000 -0.000001 0.000002 2.164569 1000
1491103796.463867 2.164559 102 101 1000 -0.000012 -0.000005 2.164564 1000
1491103796.467747 2.164679 103 102 1000 0.000120 0.000058 2.164622 1000
1491103796.472176 2.164250 104 103 1000 -0.000429 -0.000186 2.164436 1000
1491103796.475748 2.164678 105 104 1000 0.000428 0.000121 2.164557 1000
1491103796.479749 2.164677 106 105 1000 -0.000001 0.000060 2.164617 1000
1491103796.484040 2.164386 107 106 1000 -0.000291 -0.000115 2.164501 1000
1491103796.487743 2.164683 108 107 1000 0.000297 0.000091 2.164592 1000
1491103796.491755 2.164671 109 108 1000 -0.000012 0.000039 2.164632 1000
1491103796.495740 2.164686 110 109 1000 0.000015 0.000027 2.164659 1000
1491103796.499820 2.164606 111 110 1000 -0.000080 -0.000026 2.164632 1000
1491103796.503745 2.164681 112 111 1000 0.000075 0.000024 2.164657 1000
1491103796.507890 2.164536 113 112 1000 -0.000145 -0.000060 2.164596 1000
1491103796.511937 2.164489 114 113 1000 -0.000047 -0.000054 2.164543 1000
1491103796.515736 2.164690 115 114 1000 0.000201 0.000074 2.164616 1000
1491103796.519740 2.164686 116 115 1000 -0.000004 0.000035 2.164651 1000
1491103796.523859 2.164567 117 116 1000 -0.000119 -0.000042 2.164609 1000
1491103796.527756 2.164670 118 117 1000 0.000103 0.000030 2.164640 1000
1491103796.531858 2.164568 119 118 1000 -0.000102 -0.000036 2.164604 1000
1491103796.535817 2.164609 120 119 1000 0.000041 0.000003 2.164606 1000
1491103796.540225 2.164201 121 120 1000 -0.000408 -0.000203 2.164404 1000
1491103796.543870 2.164556 122 121 1000 0.000355 0.000076 2.164480 1000
1491103796.547868 2.164558 123 122 1000 0.000002 0.000039 2.164519 1000
1491103796.552093 2.164333 124 123 1000 -0.000225 -0.000093 2.164426 1000
1491103796.555755 2.164671 125 124 1000 0.000338 0.000123 2.164549 1000
1491103796.559752 2.164674 126 125 1000 0.000003 0.000063 2.164611 1000
1491103796.563983 2.164443 127 126 1000 -0.000231 -0.000084 2.164527 1000
1491103796.567737 2.164689 128 127 1000 0.000246 0.000081 2.164608 1000
1491103796.571901 2.164685 129 128 1000 -0.000004 0.000039 2.164647 1000
1491103796.575944 2.164642 130 129 1000 -0.000043 -0.000002 2.164644 1000
1491103796.579917 2.164669 131 130 1000 0.000027 0.000012 2.164657 1000
1491103796.583897 2.164689 132 131 1000 0.000020 0.000016 2.164673 1000
1491103796.588105 2.164481 133 132 1000 -0.000208 -0.000096 2.164577 1000
1491103796.592129 2.164457 134 133 1000 -0.000024 -0.000060 2.164517 1000
1491103796.596031 2.164555 135 134 1000 0.000098 0.000019 2.164536 1000
1491103796.600024 2.164562 136 135 1000 0.000007 0.000013 2.164549 1000
1491103796.604133 2.164453 137 136 1000 -0.000109 -0.000048 2.164501 1000
1491103796.608061 2.164581 138 137 1000 0.000128 0.000040 2.164541 1000
1491103796.612086 2.164556 139 138 1000 -0.000025 0.000008 2.164548 1000
1491103796.615996 2.164646 140 139 1000 0.000090 0.000049 2.164597 1000
1491103796.619959 2.164683 141 140 1000 0.000037 0.000043 2.164640 1000
1491103796.628319 2.164291 142 141 1000 -0.000392 -0.000175 2.164465 1000
1491103796.631978 2.164631 143 142 1000 0.000340 0.000083 2.164548 1000
1491103796.636043 2.164566 144 143 1000 -0.000065 0.000009 2.164557 1000
1491103796.640186 2.164423 145 144 1000 -0.000143 -0.000067 2.164490 1000
1491103796.646613 2.164597 146 145 1000 0.000174 0.000053 2.164544 1000
1491103796.650703 2.164507 147 146 1000 -0.000090 -0.000018 2.164525 1000
1491103796.654598 2.164612 148 147 1000 0.000105 0.000043 2.164569 1000
1491103796.659075 2.164154 149 148 1000 -0.000458 -0.000207 2.164361 1000
1491103796.662756 2.164542 150 149 1000 0.000388 0.000090 2.164452 1000
1491103796.666723 2.164575 151 150 1000 0.000033 0.000062 2.164513 1000
1491103796.670772 2.164526 152 151 1000 -0.000049 0.000006 2.164520 1000
1491103796.674727 2.164571 153 152 1000 0.000045 0.000026 2.164545 1000
1491103796.678746 2.164552 154 153 1000 -0.000019 0.000003 2.164549 1000
1491103796.682710 2.164588 155 154 1000 0.000036 0.000020 2.164568 1000
1491103796.686894 2.164438 156 155 1000 -0.000150 -0.000065 2.164503 1000
1491103796.690864 2.164468 157 156 1000 0.000030 -0.000018 2.164485 1000
1491103796.694790 2.164542 158 157 1000 0.000074 0.000028 2.164514 1000
1491103796.699000 2.164332 159 158 1000 -0.000210 -0.000091 2.164423 1000
1491103796.703623 2.163709 160 159 1000 -0.000623 -0.000357 2.164066 1000
1491103796.706999 2.164386 161 160 1000 0.000677 0.000160 2.164226 1000
1491103796.711051 2.164334 162 161 1000 -0.000052 0.000054 2.164280 1000
1491103796.714905 2.164480 163 162 1000 0.000146 0.000100 2.164380 1000
1491103796.719208 2.164603 164 163 1000 0.000123 0.000111 2.164491 1000
1491103796.723505 2.164329 165 164 1000 -0.000274 -0.000081 2.164410 1000
1491103796.727329 2.164515 166 165 1000 0.000186 0.000052 2.164463 1000
1491103796.731325 2.164519 167 166 1000 0.000004 0.000028 2.164491 1000
1491103796.735530 2.164314 168 167 1000 -0.000205 -0.000088 2.164402 1000
1491103796.739378 2.164466 169 168 1000 0.000152 0.000032 2.164434 1000
1491103796.743347 2.164510 170 169 1000 0.000044 0.000038 2.164472 1000
1491103796.747231 2.164636 171 170 1000 0.000126 0.000082 2.164554 1000
1491103796.752604 2.163273 172 171 1000 -0.001363 -0.000640 2.163914 1000
1491103796.755755 2.164656 173 172 1000 0.001383 0.000371 2.164285 1000
1491103796.759784 2.164627 174 173 1000 -0.000029 0.000171 2.164456 1000
1491103796.764026 2.164385 175 174 1000 -0.000242 -0.000035 2.164421 1000
1491103796.767771 2.164647 176 175 1000 0.000262 0.000113 2.164534 1000
1491103796.771780 2.164648 177 176 1000 0.000001 0.000057 2.164591 1000
1491103796.775845 2.164595 178 177 1000 -0.000053 0.000002 2.164593 1000
1491103796.780008 2.164476 179 178 1000 -0.000119 -0.000058 2.164534 1000
1491103796.783860 2.164635 180 179 1000 0.000159 0.000050 2.164585 1000
1491103796.787866 2.164639 181 180 1000 0.000004 0.000027 2.164612 1000
1491103796.791887 2.164628 182 181 1000 -0.000011 0.000008 2.164620 1000
1491103796.795968 2.164547 183 182 1000 -0.000081 -0.000036 2.164583 1000
1491103796.799835 2.164706 184 183 1000 0.000159 0.000061 2.164645 1000
1491103796.803869 2.164680 185 184 1000 -0.000026 0.000018 2.164662 1000
1491103796.808150 2.164398 186 185 1000 -0.000282 -0.000132 2.164530 1000
1491103796.811980 2.164590 187 186 1000 0.000192 0.000030 2.164560 1000
1491103796.815974 2.164605 188 187 1000 0.000015 0.000022 2.164582 1000
1491103796.820246 2.164333 189 188 1000 -0.000272 -0.000125 2.164458 1000
1491103796.823911 2.164690 190 189 1000 0.000357 0.000116 2.164574 1000
1491103796.827927 2.164682 191 190 1000 -0.000008 0.000054 2.164628 1000
1491103796.831940 2.164680 192 191 1000 -0.000002 0.000026 2.164654 1000
1491103796.836006 2.164627 193 192 1000 -0.000053 -0.000013 2.164641 1000
1491103796.840042 2.164591 194 193 1000 -0.000036 -0.000025 2.164616 1000
1491103796.843991 2.164661 195 194 1000 0.000070 0.000023 2.164638 1000
1491103796.848295 2.164372 196 195 1000 -0.000289 -0.000133 2.164505 1000
1491103796.852066 2.164608 197 196 1000 0.000236 0.000051 2.164557 1000
1491103796.856066 2.164618 198 197 1000 0.000010 0.000031 2.164587 1000
1491103796.860160 2.164524 199 198 1000 -0.000094 -0.000032 2.164556 1000
1491103796.864060 2.164646 200 199 1000 0.000122 0.000045 2.164601 1000
1491103796.868209 2.164508 201 200 1000 -0.000138 -0.000046 2.164554 1000
1491103796.872175 2.164542 202 201 1000 0.000034 -0.000006 2.164548 1000
1491103796.876104 2.164643 203 202 1000 0.000101 0.000047 2.164596 1000
1491103796.880125 2.164624 204 203 1000 -0.000019 0.000014 2.164610 1000
1491103796.884103 2.164646 205 204 1000 0.000022 0.000018 2.164628 1000
1491103796.888342 2.164408 206 205 1000 -0.000238 -0.000110 2.164518 1000
1491103796.892112 2.164638 207 206 1000 0.000230 0.000060 2.164578 1000
1491103796.896131 2.164625 208 207 1000 -0.000013 0.000023 2.164601 1000
1491103796.900339 2.164429 209 208 1000 -0.000196 -0.000086 2.164515 1000
1491103796.906369 2.162408 210 209 1000 -0.002021 -0.001054 2.163462 1000
1491103796.908367 2.164722 211 210 1000 0.002314 0.000630 2.164092 1000
1491103796.912489 2.164600 212 211 1000 -0.000122 0.000254 2.164346 1000
1491103796.916449 2.164640 213 212 1000 0.000040 0.000147 2.164493 1000
1491103796.920468 2.164621 214 213 1000 -0.000019 0.000064 2.164557 1000
1491103796.924454 2.164635 215 214 1000 0.000014 0.000039 2.164596 1000
1491103796.928660 2.164429 216 215 1000 -0.000206 -0.000083 2.164513 1000
1491103796.932439 2.164650 217 216 1000 0.000221 0.000069 2.164581 1000
1491103796.936515 2.164591 218 217 1000 -0.000059 0.000005 2.164586 1000
1491103796.941253 2.164126 219 218 1000 -0.000465 -0.000230 2.164356 1000
1491103796.944766 2.164622 220 219 1000 0.000496 0.000133 2.164489 1000
1491103796.948987 2.164444 221 220 1000 -0.000178 -0.000023 2.164467 1000
1491103796.953045 2.164400 222 221 1000 -0.000044 -0.000033 2.164433 1000
1491103796.956945 2.164509 223 222 1000 0.000109 0.000038 2.164471 1000
1491103796.960835 2.164628 224 223 1000 0.000119 0.000078 2.164550 1000
1491103796.964939 2.164536 225 224 1000 -0.000092 -0.000007 2.164543 1000
1491103796.968863 2.164622 226 225 1000 0.000086 0.000040 2.164582 1000
1491103796.972877 2.164623 227 226 1000 0.000001 0.000020 2.164603 1000
1491103796.976874 2.164634 228 227 1000 0.000011 0.000016 2.164618 1000
1491103796.981077 2.164442 229 228 1000 -0.000192 -0.000088 2.164530 1000
1491103796.984972 2.164555 230 229 1000 0.000113 0.000012 2.164543 1000
1491103796.988856 2.164681 231 230 1000 0.000126 0.000069 2.164612 1000
1491103796.993191 2.164370 232 231 1000 -0.000311 -0.000121 2.164491 1000
1491103796.996891 2.164670 233 232 1000 0.000300 0.000090 2.164580 1000
1491103797.000894 2.164677 234 233 1000 0.000007 0.000048 2.164629 1000
1491103797.005075 2.164551 235 234 1000 -0.000126 -0.000039 2.164590 1000
1491103797.008972 2.164654 236 235 1000 0.000103 0.000032 2.164622 1000
1491103797.013071 2.164555 237 236 1000 -0.000099 -0.000034 2.164588 1000
1491103797.016944 2.164682 238 237 1000 0.000127 0.000047 2.164635 1000
1491103797.021143 2.164483 239 238 1000 -0.000199 -0.000076 2.164559 1000
1491103797.024961 2.164672 240 239 1000 0.000189 0.000056 2.164616 1000
1491103797.029002 2.164651 241 240 1000 -0.000021 0.000018 2.164633 1000
1491103797.033107 2.164546 242 241 1000 -0.000105 -0.000044 2.164590 1000
1491103797.037060 2.164606 243 242 1000 0.000060 0.000008 2.164598 1000
1491103797.041001 2.164676 244 243 1000 0.000070 0.000039 2.164637 1000
1491103797.045480 2.164197 245 244 1000 -0.000479 -0.000220 2.164417 1000
1491103797.049117 2.164580 246 245 1000 0.000383 0.000081 2.164498 1000
1491103797.053247 2.164450 247 246 1000 -0.000130 -0.000024 2.164474 1000
1491103797.057125 2.164572 248 247 1000 0.000122 0.000049 2.164523 1000
1491103797.061076 2.164653 249 248 1000 0.000081 0.000065 2.164588 1000
1491103797.065058 2.164685 250 249 1000 0.000032 0.000048 2.164637 1000
1491103797.069086 2.164679 251 250 1000 -0.000006 0.000021 2.164658 1000
1491103797.073078 2.164687 252 251 1000 0.000008 0.000015 2.164672 1000
1491103797.077009 2.164756 253 252 1000 0.000069 0.000042 2.164714 1000
1491103797.081155 2.164632 254 253 1000 -0.000124 -0.000041 2.164673 1000
1491103797.085349 2.164451 255 254 1000 -0.000181 -0.000111 2.164562 1000
1491103797.089475 2.164325 256 255 1000 -0.000126 -0.000118 2.164443 1000
1491103797.093184 2.164635 257 256 1000 0.000310 0.000096 2.164539 1000
1491103797.097196 2.164623 258 257 1000 -0.000012 0.000042 2.164581 1000
1491103797.101189 2.164647 259 258 1000 0.000024 0.000033 2.164614 1000
1491103797.105198 2.164649 260 259 1000 0.000002 0.000017 2.164632 1000
1491103797.109211 2.164636 261 260 1000 -0.000013 0.000002 2.164634 1000
1491103797.113324 2.164549 262 261 1000 -0.000087 -0.000042 2.164591 1000
1491103797.117246 2.164636 263 262 1000 0.000087 0.000022 2.164614 1000
1491103797.121402 2.164491 264 263 1000 -0.000145 -0.000061 2.164552 1000
1491103797.125466 2.164436 265 264 1000 -0.000055 -0.000058 2.164494 1000
1491103797.129402 2.164500 266 265 1000 0.000064 0.000003 2.164497 1000
1491103797.133259 2.164643 267 266 1000 0.000143 0.000073 2.164570 1000
1491103797.137361 2.164541 268 267 1000 -0.000102 -0.000015 2.164556 1000
1491103797.141253 2.164657 269 268 1000 0.000116 0.000051 2.164606 1000
1491103797.145279 2.164640 270 269 1000 -0.000017 0.000017 2.164623 1000
1491103797.149297 2.164635 271 270 1000 -0.000005 0.000006 2.164629 1000
1491103797.153309 2.164635 272 271 1000 0.000000 0.000003 2.164632 1000
1491103797.157303 2.164648 273 272 1000 0.000013 0.000008 2.164640 1000
1491103797.161320 2.164642 274 273 1000 -0.000006 0.000001 2.164641 1000
1491103797.165569 2.164407 275 274 1000 -0.000235 -0.000117 2.164524 1000
1491103797.169357 2.164625 276 275 1000 0.000218 0.000050 2.164574 1000
1491103797.173405 2.164591 277 276 1000 -0.000034 0.000008 2.164583 1000
1491103797.177540 2.164466 278 277 1000 -0.000125 -0.000058 2.164524 1000
1491103797.181552 2.164466 279 278 1000 0.000000 -0.000029 2.164495 1000
1491103797.185420 2.164644 280 279 1000 0.000178 0.000074 2.164570 1000
1491103797.189429 2.164635 281 280 1000 -0.000009 0.000033 2.164602 1000
1491103797.193653 2.164411 282 281 1000 -0.000224 -0.000096 2.164507 1000
1491103797.197434 2.164630 283 282 1000 0.000219 0.000062 2.164568 1000
1491103797.201560 2.164510 284 283 1000 -0.000120 -0.000029 2.164539 1000
1491103797.205712 2.164370 285 284 1000 -0.000140 -0.000085 2.164454 1000
1491103797.209387 2.164737 286 285 1000 0.000367 0.000141 2.164596 1000
1491103797.213463 2.164661 287 286 1000 -0.000076 0.000033 2.164628 1000
1491103797.217549 2.164575 288 287 1000 -0.000086 -0.000027 2.164602 1000
1491103797.227867 2.164601 289 288 1000 0.000026 -0.000000 2.164601 1000
1491103797.232165 2.164301 290 289 1000 -0.000300 -0.000150 2.164451 1000
1491103797.238108 2.164669 291 290 1000 0.000368 0.000109 2.164560 1000
1491103797.242357 2.164425 292 291 1000 -0.000244 -0.000068 2.164492 1000
1491103797.246461 2.164321 293 292 1000 -0.000104 -0.000086 2.164407 1000
1491103797.252293 2.164670 294 293 1000 0.000349 0.000132 2.164538 1000
1491103797.256529 2.164434 295 294 1000 -0.000236 -0.000052 2.164486 1000
1491103797.260433 2.164530 296 295 1000 0.000096 0.000022 2.164508 1000
1491103797.264293 2.164670 297 296 1000 0.000140 0.000081 2.164589 1000
1491103797.268581 2.164382 298 297 1000 -0.000288 -0.000104 2.164486 1000
1491103797.272377 2.164586 299 298 1000 0.000204 0.000050 2.164536 1000
1491103797.276344 2.164619 300 299 1000 0.000033 0.000042 2.164577 1000
1491103797.280285 2.164678 301 300 1000 0.000059 0.000050 2.164628 1000
1491103797.284301 2.164662 302 301 1000 -0.000016 0.000017 2.164645 1000
1491103797.288291 2.164672 303 302 1000 0.000010 0.000014 2.164658 1000
1491103797.292350 2.164613 304 303 1000 -0.000059 -0.000023 2.164636 1000
1491103797.296515 2.164448 305 304 1000 -0.000165 -0.000094 2.164542 1000
1491103797.300507 2.164482 306 305 1000 0.000034 -0.000030 2.164512 1000
1491103797.304269 2.164720 307 306 1000 0.000238 0.000104 2.164616 1000
1491103797.308575 2.164537 308 307 1000 -0.000183 -0.000039 2.164577 1000
1491103797.313038 2.164074 309 308 1000 -0.000463 -0.000251 2.164325 1000
1491103797.316471 2.164641 310 309 1000 0.000567 0.000158 2.164483 1000
1491103797.320603 2.164509 311 310 1000 -0.000132 0.000013 2.164496 1000
1491103797.324513 2.164599 312 311 1000 0.000090 0.000051 2.164548 1000
1491103797.328819 2.164293 313 312 1000 -0.000306 -0.000127 2.164420 1000
1491103797.336123 2.160989 314 313 1000 -0.003304 -0.001716 2.162705 1000
1491103797.336781 2.164952 315 314 1000 0.003963 0.001124 2.163828 1000
1491103797.341243 2.164490 316 315 1000 -0.000462 0.000331 2.164159 1000
1491103797.345016 2.164717 317 316 1000 0.000227 0.000279 2.164438 1000
1491103797.349158 2.164575 318 317 1000 -0.000142 0.000068 2.164506 1000
1491103797.356222 2.164610 319 318 1000 0.000035 0.000052 2.164558 1000
1491103797.360201 2.164631 320 319 1000 0.000021 0.000036 2.164595 1000
1491103797.364208 2.164624 321 320 1000 -0.000007 0.000015 2.164609 1000
1491103797.368198 2.164634 322 321 1000 0.000010 0.000012 2.164622 1000
1491103797.372322 2.164510 323 322 1000 -0.000124 -0.000056 2.164566 1000
1491103797.376174 2.164658 324 323 1000 0.000148 0.000046 2.164612 1000
1491103797.380329 2.164503 325 324 1000 -0.000155 -0.000054 2.164558 1000
1491103797.384185 2.164647 326 325 1000 0.000144 0.000045 2.164602 1000
1491103797.388387 2.164445 327 326 1000 -0.000202 -0.000079 2.164524 1000
1491103797.392497 2.164335 328 327 1000 -0.000110 -0.000094 2.164429 1000
1491103797.396189 2.164643 329 328 1000 0.000308 0.000107 2.164536 1000
1491103797.400194 2.164638 330 329 1000 -0.000005 0.000051 2.164587 1000
1491103797.404579 2.164253 331 330 1000 -0.000385 -0.000167 2.164420 1000
1491103797.408250 2.164582 332 331 1000 0.000329 0.000081 2.164501 1000
1491103797.412263 2.164569 333 332 1000 -0.000013 0.000034 2.164535 1000
1491103797.416506 2.164431 334 333 1000 -0.000138 -0.000052 2.164483 1000
1491103797.420450 2.164487 335 334 1000 0.000056 0.000002 2.164485 1000
1491103797.424353 2.164584 336 335 1000 0.000097 0.000050 2.164535 1000
1491103797.428307 2.164630 337 336 1000 0.000046 0.000048 2.164582 1000
1491103797.432471 2.164466 338 337 1000 -0.000164 -0.000058 2.164524 1000
1491103797.436299 2.164638 339 338 1000 0.000172 0.000057 2.164581 1000
1491103797.440313 2.164624 340 339 1000 -0.000014 0.000022 2.164602 1000
1491103797.444692 2.164245 341 340 1000 -0.000379 -0.000179 2.164424 1000
1491103797.448330 2.164607 342 341 1000 0.000362 0.000092 2.164515 1000
1491103797.452254 2.164683 343 342 1000 0.000076 0.000084 2.164599 1000
1491103797.456646 2.164291 344 343 1000 -0.000392 -0.000154 2.164445 1000
1491103797.460253 2.164684 345 344 1000 0.000393 0.000119 2.164565 1000
1491103797.464272 2.164665 346 345 1000 -0.000019 0.000050 2.164615 1000
1491103797.468271 2.164666 347 346 1000 0.000001 0.000026 2.164640 1000
1491103797.472410 2.164527 348 347 1000 -0.000139 -0.000057 2.164584 1000
1491103797.476480 2.164457 349 348 1000 -0.000070 -0.000063 2.164520 1000
1491103797.480277 2.164660 350 349 1000 0.000203 0.000070 2.164590 1000
1491103797.484542 2.164482 351 350 1000 -0.000178 -0.000054 2.164536 1000
1491103797.488364 2.164660 352 351 1000 0.000178 0.000062 2.164598 1000
1491103797.492394 2.164630 353 352 1000 -0.000030 0.000016 2.164614 1000
1491103797.497393 2.164554 354 353 1000 -0.000076 -0.000030 2.164584 1000
1491103797.501387 2.164560 355 354 1000 0.000006 -0.000012 2.164572 1000
1491103797.505257 2.164690 356 355 1000 0.000130 0.000059 2.164631 1000
1491103797.509267 2.164680 357 356 1000 -0.000010 0.000024 2.164656 1000
1491103797.513267 2.164680 358 357 1000 0.000000 0.000012 2.164668 1000
1491103797.517259 2.164688 359 358 1000 0.000008 0.000010 2.164678 1000
1491103797.521494 2.164453 360 359 1000 -0.000235 -0.000112 2.164565 1000
1491103797.525495 2.164452 361 360 1000 -0.000001 -0.000057 2.164509 1000
1491103797.529388 2.164561 362 361 1000 0.000109 0.000026 2.164535 1000
1491103797.533300 2.164685 363 362 1000 0.000124 0.000075 2.164610 1000
1491103797.537541 2.164460 364 363 1000 -0.000225 -0.000075 2.164535 1000
1491103797.541299 2.164702 365 364 1000 0.000242 0.000083 2.164618 1000
1491103797.545657 2.164377 366 365 1000 -0.000325 -0.000121 2.164498 1000
1491103797.549518 2.164651 367 366 1000 0.000274 0.000077 2.164574 1000
1491103797.553945 2.164224 368 367 1000 -0.000427 -0.000175 2.164399 1000
1491103797.557526 2.164643 369 368 1000 0.000419 0.000122 2.164521 1000
1491103797.565711 2.164306 370 369 1000 -0.000337 -0.000108 2.164413 1000
1491103797.569537 2.164512 371 370 1000 0.000206 0.000049 2.164463 1000
1491103797.573635 2.164510 372 371 1000 -0.000002 0.000024 2.164486 1000
1491103797.577748 2.164397 373 372 1000 -0.000113 -0.000045 2.164442 1000
1491103797.581478 2.164667 374 373 1000 0.000270 0.000113 2.164554 1000
1491103797.585513 2.164632 375 374 1000 -0.000035 0.000039 2.164593 1000
1491103797.589638 2.164507 376 375 1000 -0.000125 -0.000043 2.164550 1000
1491103797.593524 2.164624 377 376 1000 0.000117 0.000037 2.164587 1000
1491103797.597611 2.164545 378 377 1000 -0.000079 -0.000021 2.164566 1000
1491103797.601530 2.164625 379 378 1000 0.000080 0.000029 2.164595 1000
1491103797.605807 2.164374 380 379 1000 -0.000251 -0.000111 2.164485 1000
1491103797.609567 2.164614 381 380 1000 0.000240 0.000065 2.164549 1000
1491103797.613564 2.164634 382 381 1000 0.000020 0.000042 2.164592 1000
1491103797.617839 2.164359 383 382 1000 -0.000275 -0.000116 2.164475 1000
1491103797.621605 2.164593 384 383 1000 0.000234 0.000059 2.164534 1000
1491103797.625607 2.164626 385 384 1000 0.000033 0.000046 2.164580 1000
1491103797.630114 2.164119 386 385 1000 -0.000507 -0.000230 2.164350 1000
1491103797.633608 2.164639 387 386 1000 0.000520 0.000145 2.164494 1000
1491103797.637613 2.164633 388 387 1000 -0.000006 0.000069 2.164564 1000
1491103797.642135 2.164306 389 388 1000 -0.000327 -0.000129 2.164435 1000
1491103797.645812 2.164628 390 389 1000 0.000322 0.000097 2.164531 1000
1491103797.649818 2.164622 391 390 1000 -0.000006 0.000045 2.164577 1000
1491103797.653998 2.164442 392 391 1000 -0.000180 -0.000067 2.164509 1000
1491103797.658580 2.163860 393 392 1000 -0.000582 -0.000325 2.164185 1000
1491103797.661812 2.164628 394 393 1000 0.000768 0.000222 2.164406 1000
1491103797.665997 2.164443 395 394 1000 -0.000185 0.000018 2.164425 1000
1491103797.669941 2.164499 396 395 1000 0.000056 0.000037 2.164462 1000
1491103797.673932 2.164508 397 396 1000 0.000009 0.000023 2.164485 1000
1491103797.677798 2.164642 398 397 1000 0.000134 0.000078 2.164563 1000
1491103797.681901 2.164539 399 398 1000 -0.000103 -0.000012 2.164551 1000
1491103797.685899 2.164541 400 399 1000 0.000002 -0.000005 2.164546 1000
1491103797.689862 2.164578 401 400 1000 0.000037 0.000016 2.164562 1000
1491103797.694090 2.164350 402 401 1000 -0.000228 -0.000106 2.164456 1000
1491103797.697765 2.164675 403 402 1000 0.000325 0.000109 2.164566 1000
1491103797.701771 2.164669 404 403 1000 -0.000006 0.000052 2.164617 1000
1491103797.705795 2.164658 405 404 1000 -0.000011 0.000020 2.164638 1000
1491103797.709933 2.164520 406 405 1000 -0.000138 -0.000059 2.164579 1000
1491103797.713897 2.164556 407 406 1000 0.000036 -0.000011 2.164567 1000
1491103797.718124 2.164352 408 407 1000 -0.000204 -0.000108 2.164460 1000
1491103797.722855 2.163637 409 408 1000 -0.000715 -0.000411 2.164048 1000
1491103797.725819 2.164673 410 409 1000 0.001036 0.000312 2.164361 1000
1491103797.729939 2.164553 411 410 1000 -0.000120 0.000096 2.164457 1000
1491103797.733992 2.164500 412 411 1000 -0.000053 0.000022 2.164478 1000
1491103797.737814 2.164681 413 412 1000 0.000181 0.000101 2.164580 1000
1491103797.741840 2.164670 414 413 1000 -0.000011 0.000045 2.164625 1000
1491103797.745985 2.164566 415 414 1000 -0.000104 -0.000029 2.164595 1000
1491103797.749887 2.164664 416 415 1000 0.000098 0.000034 2.164630 1000
1491103797.753875 2.164676 417 416 1000 0.000012 0.000023 2.164653 1000
1491103797.758055 2.164496 418 417 1000 -0.000180 -0.000078 2.164574 1000
1491103797.761995 2.164567 419 418 1000 0.000071 -0.000004 2.164571 1000
1491103797.766012 2.164560 420 419 1000 -0.000007 -0.000005 2.164565 1000
1491103797.770179 2.164552 421 420 1000 -0.000008 -0.000007 2.164559 1000
1491103797.774134 2.164597 422 421 1000 0.000045 0.000019 2.164578 1000
1491103797.779552 2.164594 423 422 1000 -0.000003 0.000008 2.164586 1000
1491103797.783511 2.164644 424 423 1000 0.000050 0.000029 2.164615 1000
1491103797.787791 2.164373 425 424 1000 -0.000271 -0.000121 2.164494 1000
1491103797.791559 2.164613 426 425 1000 0.000240 0.000060 2.164553 1000
1491103797.795657 2.164636 427 426 1000 0.000023 0.000041 2.164595 1000
1491103797.799903 2.164390 428 427 1000 -0.000246 -0.000102 2.164492 1000
1491103797.803773 2.164520 429 428 1000 0.000130 0.000014 2.164506 1000
1491103797.807455 2.164838 430 429 1000 0.000318 0.000166 2.164672 1000
1491103797.812484 2.164564 431 430 1000 -0.000274 -0.000054 2.164618 1000
1491103797.816412 2.164636 432 431 1000 0.000072 0.000009 2.164627 1000
1491103797.820418 2.164630 433 432 1000 -0.000006 0.000002 2.164629 1000
1491103797.829803 2.164567 434 433 1000 -0.000063 -0.000031 2.164598 1000
1491103797.833920 2.164449 435 434 1000 -0.000118 -0.000074 2.164523 1000
1491103797.841137 2.164391 436 435 1000 -0.000058 -0.000066 2.164457 1000
1491103797.845179 2.164349 437 436 1000 -0.000042 -0.000054 2.164403 1000
1491103797.848895 2.164633 438 437 1000 0.000284 0.000115 2.164518 1000
1491103797.854433 2.164519 439 438 1000 -0.000114 0.000000 2.164518 1000
1491103797.858432 2.164520 440 439 1000 0.000001 0.000001 2.164519 1000
1491103797.862440 2.164512 441 440 1000 -0.000008 -0.000004 2.164516 1000
1491103797.867186 2.164194 442 441 1000 -0.000318 -0.000161 2.164355 1000
1491103797.870756 2.164627 443 442 1000 0.000433 0.000136 2.164491 1000
1491103797.874784 2.164612 444 443 1000 -0.000015 0.000061 2.164551 1000
1491103797.878825 2.164580 445 444 1000 -0.000032 0.000014 2.164566 1000
1491103797.882807 2.164616 446 445 1000 0.000036 0.000025 2.164591 1000
1491103797.886881 2.164545 447 446 1000 -0.000071 -0.000023 2.164568 1000
1491103797.890879 2.164562 448 447 1000 0.000017 -0.000003 2.164565 1000
1491103797.894950 2.164491 449 448 1000 -0.000071 -0.000037 2.164528 1000
1491103797.898823 2.164635 450 449 1000 0.000144 0.000053 2.164581 1000
1491103797.902827 2.164631 451 450 1000 -0.000004 0.000025 2.164606 1000
1491103797.907486 2.163990 452 451 1000 -0.000641 -0.000308 2.164298 1000
1491103797.910850 2.164626 453 452 1000 0.000636 0.000164 2.164462 1000
1491103797.914845 2.164631 454 453 1000 0.000005 0.000085 2.164547 1000
1491103797.919019 2.164464 455 454 1000 -0.000167 -0.000041 2.164505 1000
1491103797.923547 2.164627 456 455 1000 0.000163 0.000061 2.164566 1000
1491103797.929989 2.164568 457 456 1000 -0.000059 0.000001 2.164567 1000
1491103797.933964 2.164593 458 457 1000 0.000025 0.000013 2.164580 1000
1491103797.938613 2.164567 459 458 1000 -0.000026 -0.000007 2.164574 1000
1491103797.942614 2.164566 460 459 1000 -0.000001 -0.000004 2.164570 1000
1491103797.946674 2.164554 461 460 1000 -0.000012 -0.000008 2.164562 1000
1491103797.950545 2.164683 462 461 1000 0.000129 0.000061 2.164622 1000
1491103797.954557 2.164671 463 462 1000 -0.000012 0.000024 2.164647 1000
1491103797.959112 2.164154 464 463 1000 -0.000517 -0.000246 2.164400 1000
1491103797.963603 2.164656 465 464 1000 0.000502 0.000128 2.164528 1000
1491103797.967724 2.164535 466 465 1000 -0.000121 0.000003 2.164531 1000
1491103797.974318 2.164476 467 466 1000 -0.000059 -0.000028 2.164504 1000
1491103797.978392 2.164402 468 467 1000 -0.000074 -0.000051 2.164453 1000
1491103797.984404 2.162390 469 468 1000 -0.002012 -0.001031 2.163421 1000
1491103797.986536 2.164487 470 469 1000 0.002097 0.000533 2.163954 1000
1491103797.990542 2.164481 471 470 1000 -0.000006 0.000264 2.164218 1000
1491103797.994479 2.164544 472 471 1000 0.000063 0.000163 2.164381 1000
1491103798.000331 2.164241 473 472 1000 -0.000303 -0.000070 2.164311 1000
1491103798.003904 2.164668 474 473 1000 0.000427 0.000178 2.164489 1000
1491103798.008205 2.164412 475 474 1000 -0.000256 -0.000039 2.164451 1000
1491103798.012414 2.164203 476 475 1000 -0.000209 -0.000124 2.164327 1000
1491103798.015973 2.164644 477 476 1000 0.000441 0.000159 2.164485 1000
1491103798.020224 2.164393 478 477 1000 -0.000251 -0.000046 2.164439 1000
1491103798.024818 2.163799 479 478 1000 -0.000594 -0.000320 2.164119 1000
1491103798.028120 2.164497 480 479 1000 0.000698 0.000189 2.164308 1000
1491103798.031971 2.164646 481 480 1000 0.000149 0.000169 2.164477 1000
1491103798.035990 2.164627 482 481 1000 -0.000019 0.000075 2.164552 1000
1491103798.040132 2.164485 483 482 1000 -0.000142 -0.000034 2.164518 1000
1491103798.049321 2.164552 484 483 1000 0.000067 0.000017 2.164535 1000
1491103798.053296 2.164577 485 484 1000 0.000025 0.000021 2.164556 1000
1491103798.057290 2.164624 486 485 1000 0.000047 0.000034 2.164590 1000
1491103798.061408 2.164506 487 486 1000 -0.000118 -0.000042 2.164548 1000
1491103798.065448 2.164466 488 487 1000 -0.000040 -0.000041 2.164507 1000
1491103798.069298 2.164632 489 488 1000 0.000166 0.000063 2.164570 1000
1491103798.073300 2.164629 490 489 1000 -0.000003 0.000030 2.164599 1000
1491103798.077779 2.164320 491 490 1000 -0.000309 -0.000140 2.164460 1000
1491103798.081465 2.164634 492 491 1000 0.000314 0.000087 2.164547 1000
1491103798.085452 2.164647 493 492 1000 0.000013 0.000050 2.164597 1000
1491103798.089739 2.164360 494 493 1000 -0.000287 -0.000119 2.164478 1000
1491103798.093582 2.164517 495 494 1000 0.000157 0.000019 2.164498 1000
1491103798.097585 2.164514 496 495 1000 -0.000003 0.000008 2.164506 1000
1491103798.101566 2.164533 497 496 1000 0.000019 0.000013 2.164519 1000
1491103798.105572 2.164527 498 497 1000 -0.000006 0.000004 2.164523 1000
1491103798.109624 2.164475 499 498 1000 -0.000052 -0.000024 2.164499 1000
1491103798.113474 2.164625 500 499 1000 0.000150 0.000063 2.164562 1000
1491103798.117586 2.164513 501 500 1000 -0.000112 -0.000025 2.164538 1000
1491103798.121712 2.164387 502 501 1000 -0.000126 -0.000075 2.164462 1000
1491103798.125464 2.164635 503 502 1000 0.000248 0.000086 2.164549 1000
1491103798.129508 2.164647 504 503 1000 0.000012 0.000049 2.164598 1000
1491103798.133944 2.164210 505 504 1000 -0.000437 -0.000194 2.164404 1000
1491103798.137505 2.164649 506 505 1000 0.000439 0.000123 2.164526 1000
1491103798.141544 2.164610 507 506 1000 -0.000039 0.000042 2.164568 1000
1491103798.145602 2.164552 508 507 1000 -0.000058 -0.000008 2.164560 1000
1491103798.149533 2.164621 509 508 1000 0.000069 0.000030 2.164590 1000
1491103798.153512 2.164642 510 509 1000 0.000021 0.000026 2.164616 1000
1491103798.157648 2.164506 511 510 1000 -0.000136 -0.000055 2.164561 1000
1491103798.161819 2.164341 512 511 1000 -0.000165 -0.000110 2.164451 1000
1491103798.165530 2.164637 513 512 1000 0.000296 0.000093 2.164544 1000
1491103798.169548 2.164631 514 513 1000 -0.000006 0.000043 2.164587 1000
1491103798.173720 2.164472 515 514 1000 -0.000159 -0.000058 2.164530 1000
1491103798.177709 2.164615 516 515 1000 0.000143 0.000043 2.164572 1000
1491103798.181696 2.164628 517 516 1000 0.000013 0.000028 2.164600 1000
1491103798.186043 2.164281 518 517 1000 -0.000347 -0.000160 2.164441 1000
1491103798.189854 2.164470 519 518 1000 0.000189 0.000015 2.164455 1000
1491103798.193608 2.164716 520 519 1000 0.000246 0.000130 2.164586 1000
1491103798.197735 2.164589 521 520 1000 -0.000127 0.000002 2.164587 1000
1491103798.201775 2.164549 522 521 1000 -0.000040 -0.000019 2.164568 1000
1491103798.205941 2.164383 523 522 1000 -0.000166 -0.000093 2.164476 1000
1491103798.209647 2.164677 524 523 1000 0.000294 0.000101 2.164576 1000
1491103798.213905 2.164419 525 524 1000 -0.000258 -0.000079 2.164498 1000
1491103798.217643 2.164681 526 525 1000 0.000262 0.000092 2.164589 1000
1491103798.221643 2.164681 527 526 1000 0.000000 0.000046 2.164635 1000
1491103798.225750 2.164574 528 527 1000 -0.000107 -0.000030 2.164605 1000
1491103798.229618 2.164706 529 528 1000 0.000132 0.000051 2.164655 1000
1491103798.233658 2.164666 530 529 1000 -0.000040 0.000005 2.164661 1000
1491103798.237757 2.164567 531 530 1000 -0.000099 -0.000047 2.164614 1000
1491103798.241785 2.164550 532 531 1000 -0.000017 -0.000032 2.164582 1000
1491103798.245788 2.164565 533 532 1000 0.000015 -0.000009 2.164573 1000
1491103798.249647 2.164714 534 533 1000 0.000149 0.000070 2.164644 1000
1491103798.253763 2.164650 535 534 1000 -0.000064 0.000003 2.164647 1000
1491103798.257772 2.164646 536 535 1000 -0.000004 -0.000000 2.164647 1000
1491103798.261751 2.164677 537 536 1000 0.000031 0.000015 2.164662 1000
1491103798.265777 2.164659 538 537 1000 -0.000018 -0.000002 2.164660 1000
1491103798.270084 2.164352 539 538 1000 -0.000307 -0.000154 2.164506 1000
1491103798.273783 2.164672 540 539 1000 0.000320 0.000083 2.164589 1000
1491103798.277808 2.164657 541 540 1000 -0.000015 0.000034 2.164623 1000
1491103798.282019 2.164446 542 541 1000 -0.000211 -0.000089 2.164535 1000
1491103798.285803 2.164684 543 542 1000 0.000238 0.000075 2.164609 1000
1491103798.289831 2.164668 544 543 1000 -0.000016 0.000029 2.164639 1000
1491103798.294060 2.164438 545 544 1000 -0.000230 -0.000100 2.164538 1000
1491103798.297791 2.164729 546 545 1000 0.000291 0.000095 2.164634 1000
1491103798.302066 2.164463 547 546 1000 -0.000266 -0.000085 2.164548 1000
1491103798.306068 2.164473 548 547 1000 0.000010 -0.000038 2.164511 1000
1491103798.310027 2.164513 549 548 1000 0.000040 0.000001 2.164512 1000
1491103798.313867 2.164673 550 549 1000 0.000160 0.000080 2.164592 1000
1491103798.318218 2.164412 551 550 1000 -0.000261 -0.000090 2.164502 1000
1491103798.322212 2.164418 552 551 1000 0.000006 -0.000042 2.164460 1000
1491103798.325959 2.164671 553 552 1000 0.000253 0.000105 2.164566 1000
1491103798.329965 2.164665 554 553 1000 -0.000006 0.000050 2.164615 1000
1491103798.334204 2.164486 555 554 1000 -0.000179 -0.000065 2.164551 1000
1491103798.338023 2.164667 556 555 1000 0.000181 0.000058 2.164609 1000
1491103798.342178 2.164512 557 556 1000 -0.000155 -0.000048 2.164560 1000
1491103798.346145 2.164545 558 557 1000 0.000033 -0.000008 2.164553 1000
1491103798.350342 2.164348 559 558 1000 -0.000197 -0.000102 2.164450 1000
1491103798.354076 2.164614 560 559 1000 0.000266 0.000082 2.164532 1000
1491103798.358181 2.164509 561 560 1000 -0.000105 -0.000012 2.164521 1000
1491103798.362211 2.164479 562 561 1000 -0.000030 -0.000021 2.164500 1000
1491103798.366047 2.164643 563 562 1000 0.000164 0.000072 2.164571 1000
1491103798.370082 2.164608 564 563 1000 -0.000035 0.000018 2.164590 1000
1491103798.374150 2.164571 565 564 1000 -0.000037 -0.000009 2.164580 1000
1491103798.378207 2.164514 566 565 1000 -0.000057 -0.000033 2.164547 1000
1491103798.382088 2.164633 567 566 1000 0.000119 0.000043 2.164590 1000
1491103798.386288 2.164531 568 567 1000 -0.000102 -0.000030 2.164561 1000
1491103798.390283 2.164536 569 568 1000 0.000005 -0.000012 2.164548 1000
1491103798.394195 2.164624 570 569 1000 0.000088 0.000038 2.164586 1000
1491103798.398205 2.164614 571 570 1000 -0.000010 0.000014 2.164600 1000
1491103798.402285 2.164534 572 571 1000 -0.000080 -0.000033 2.164567 1000
1491103798.406850 2.164603 573 572 1000 0.000069 0.000018 2.164585 1000
1491103798.410863 2.164590 574 573 1000 -0.000013 0.000003 2.164588 1000
1491103798.416836 2.164324 575 574 1000 -0.000266 -0.000132 2.164456 1000
1491103798.420636 2.164524 576 575 1000 0.000200 0.000034 2.164490 1000
1491103798.424652 2.164508 577 576 1000 -0.000016 0.000009 2.164499 1000
1491103798.432719 2.164450 578 577 1000 -0.000058 -0.000024 2.164474 1000
1491103798.436540 2.164629 579 578 1000 0.000179 0.000077 2.164552 1000
1491103798.440630 2.164539 580 579 1000 -0.000090 -0.000006 2.164545 1000
1491103798.444529 2.164640 581 580 1000 0.000101 0.000047 2.164593 1000
1491103798.448545 2.164624 582 581 1000 -0.000016 0.000016 2.164608 1000
1491103798.452492 2.164677 583 582 1000 0.000053 0.000034 2.164643 1000
1491103798.461948 2.164639 584 583 1000 -0.000038 -0.000002 2.164641 1000
1491103798.466072 2.164515 585 584 1000 -0.000124 -0.000063 2.164578 1000
1491103798.473523 2.164671 586 585 1000 0.000156 0.000047 2.164625 1000
1491103798.477559 2.164635 587 586 1000 -0.000036 0.000005 2.164630 1000
1491103798.481848 2.164346 588 587 1000 -0.000289 -0.000142 2.164488 1000
1491103798.485554 2.164640 589 588 1000 0.000294 0.000076 2.164564 1000
1491103798.489645 2.164647 590 589 1000 0.000007 0.000042 2.164606 1000
1491103798.493946 2.164346 591 590 1000 -0.000301 -0.000130 2.164476 1000
1491103798.497650 2.164642 592 591 1000 0.000296 0.000083 2.164559 1000
1491103798.501668 2.164624 593 592 1000 -0.000018 0.000033 2.164591 1000
1491103798.505669 2.164623 594 593 1000 -0.000001 0.000016 2.164607 1000
1491103798.509882 2.164410 595 594 1000 -0.000213 -0.000099 2.164509 1000
1491103798.513663 2.164629 596 595 1000 0.000219 0.000060 2.164569 1000
1491103798.517669 2.164623 597 596 1000 -0.000006 0.000027 2.164596 1000
1491103798.521854 2.164438 598 597 1000 -0.000185 -0.000079 2.164517 1000
1491103798.525717 2.164575 599 598 1000 0.000137 0.000029 2.164546 1000
1491103798.529782 2.164510 600 599 1000 -0.000065 -0.000018 2.164528 1000
1491103798.533664 2.164628 601 600 1000 0.000118 0.000050 2.164578 1000
1491103798.537775 2.164517 602 601 1000 -0.000111 -0.000031 2.164547 1000
1491103798.541679 2.164613 603 602 1000 0.000096 0.000033 2.164580 1000
1491103798.545823 2.164469 604 603 1000 -0.000144 -0.000056 2.164525 1000
1491103798.549783 2.164509 605 604 1000 0.000040 -0.000008 2.164517 1000
1491103798.553668 2.164624 606 605 1000 0.000115 0.000054 2.164570 1000
1491103798.557754 2.164538 607 606 1000 -0.000086 -0.000016 2.164554 1000
1491103798.562079 2.164213 608 607 1000 -0.000325 -0.000171 2.164384 1000
1491103798.565917 2.164375 609 608 1000 0.000162 -0.000004 2.164379 1000
1491103798.569770 2.164522 610 609 1000 0.000147 0.000071 2.164451 1000
1491103798.573902 2.164395 611 610 1000 -0.000127 -0.000028 2.164423 1000
1491103798.577633 2.164663 612 611 1000 0.000268 0.000120 2.164543 1000
1491103798.581789 2.164507 613 612 1000 -0.000156 -0.000018 2.164525 1000
1491103798.585751 2.164545 614 613 1000 0.000038 0.000010 2.164535 1000
1491103798.589721 2.164658 615 614 1000 0.000113 0.000062 2.164597 1000
1491103798.593872 2.164507 616 615 1000 -0.000151 -0.000045 2.164552 1000
1491103798.597865 2.164514 617 616 1000 0.000007 -0.000019 2.164533 1000
1491103798.602193 2.164186 618 617 1000 -0.000328 -0.000173 2.164359 1000
1491103798.605714 2.164665 619 618 1000 0.000479 0.000153 2.164512 1000
1491103798.609749 2.164630 620 619 1000 -0.000035 0.000059 2.164571 1000
1491103798.613758 2.164621 621 620 1000 -0.000009 0.000025 2.164596 1000
1491103798.617717 2.164662 622 621 1000 0.000041 0.000033 2.164629 1000
1491103798.621881 2.164498 623 622 1000 -0.000164 -0.000065 2.164564 1000
1491103798.625906 2.164473 624 623 1000 -0.000025 -0.000045 2.164518 1000
1491103798.629798 2.164581 625 624 1000 0.000108 0.000031 2.164550 1000
1491103798.633774 2.164637 626 625 1000 0.000056 0.000044 2.164593 1000
1491103798.637785 2.164637 627 626 1000 0.000000 0.000022 2.164615 1000
1491103798.642346 2.164209 628 627 1000 -0.000428 -0.000203 2.164412 1000
1491103798.646073 2.164482 629 628 1000 0.000273 0.000035 2.164447 1000
1491103798.649932 2.164623 630 629 1000 0.000141 0.000088 2.164535 1000
1491103798.654339 2.164216 631 630 1000 -0.000407 -0.000159 2.164376 1000
1491103798.658069 2.164486 632 631 1000 0.000270 0.000055 2.164431 1000
1491103798.662037 2.164518 633 632 1000 0.000032 0.000044 2.164474 1000
1491103798.666366 2.164189 634 633 1000 -0.000329 -0.000143 2.164332 1000
1491103798.669915 2.164640 635 634 1000 0.000451 0.000154 2.164486 1000
1491103798.673930 2.164625 636 635 1000 -0.000015 0.000070 2.164555 1000
1491103798.678018 2.164537 637 636 1000 -0.000088 -0.000009 2.164546 1000
1491103798.682128 2.164509 638 637 1000 -0.000028 -0.000019 2.164528 1000
1491103798.686132 2.164505 639 638 1000 -0.000004 -0.000011 2.164516 1000
1491103798.690136 2.164501 640 639 1000 -0.000004 -0.000008 2.164509 1000
1491103798.694523 2.164143 641 640 1000 -0.000358 -0.000183 2.164326 1000
1491103798.698066 2.164600 642 641 1000 0.000457 0.000137 2.164463 1000
1491103798.702215 2.164451 643 642 1000 -0.000149 -0.000006 2.164457 1000
1491103798.706988 2.163678 644 643 1000 -0.000773 -0.000390 2.164067 1000
1491103798.710187 2.164479 645 644 1000 0.000801 0.000206 2.164273 1000
1491103798.714149 2.164517 646 645 1000 0.000038 0.000122 2.164395 1000
1491103798.718270 2.164396 647 646 1000 -0.000121 0.000000 2.164396 1000
1491103798.722245 2.164421 648 647 1000 0.000025 0.000013 2.164408 1000
1491103798.726260 2.164406 649 648 1000 -0.000015 -0.000001 2.164407 1000
1491103798.731817 2.163963 650 649 1000 -0.000443 -0.000222 2.164185 1000
1491103798.743873 2.156305 651 650 1000 -0.007658 -0.003940 2.160245 1000
1491103798.745846 2.164605 652 651 1000 0.008300 0.002180 2.162425 1000
1491103798.750098 2.164353 653 652 1000 -0.000252 0.000964 2.163389 1000
1491103798.753908 2.164543 654 653 1000 0.000190 0.000577 2.163966 1000
1491103798.758160 2.164291 655 654 1000 -0.000252 0.000162 2.164128 1000
1491103798.762026 2.164425 656 655 1000 0.000134 0.000148 2.164277 1000
1491103798.766420 2.164031 657 656 1000 -0.000394 -0.000123 2.164154 1000
1491103798.770496 2.163955 658 657 1000 -0.000076 -0.000099 2.164055 1000
1491103798.774284 2.164167 659 658 1000 0.000212 0.000056 2.164111 1000
1491103798.778006 2.164445 660 659 1000 0.000278 0.000167 2.164278 1000
1491103798.782250 2.164201 661 660 1000 -0.000244 -0.000038 2.164239 1000
1491103798.786037 2.164414 662 661 1000 0.000213 0.000087 2.164327 1000
1491103798.789973 2.164478 663 662 1000 0.000064 0.000076 2.164402 1000
1491103798.794052 2.164399 664 663 1000 -0.000079 -0.000002 2.164401 1000
1491103798.798073 2.164378 665 664 1000 -0.000021 -0.000011 2.164389 1000
1491103798.802286 2.164165 666 665 1000 -0.000213 -0.000112 2.164277 1000
1491103798.806035 2.164416 667 666 1000 0.000251 0.000069 2.164347 1000
1491103798.810179 2.164272 668 667 1000 -0.000144 -0.000037 2.164309 1000
1491103798.813960 2.164491 669 668 1000 0.000219 0.000091 2.164400 1000
1491103798.817966 2.164485 670 669 1000 -0.000006 0.000042 2.164443 1000
1491103798.822415 2.164036 671 670 1000 -0.000449 -0.000203 2.164239 1000
1491103798.826103 2.164348 672 671 1000 0.000312 0.000054 2.164294 1000
1491103798.830130 2.164321 673 672 1000 -0.000027 0.000014 2.164307 1000
1491103798.833974 2.164477 674 673 1000 0.000156 0.000085 2.164392 1000
1491103798.837999 2.164478 675 674 1000 0.000001 0.000043 2.164435 1000
1491103798.842188 2.164289 676 675 1000 -0.000189 -0.000073 2.164362 1000
1491103798.846628 2.163867 677 676 1000 -0.000422 -0.000248 2.164115 1000
1491103798.850730 2.163784 678 677 1000 -0.000083 -0.000165 2.163949 1000
1491103798.854129 2.164391 679 678 1000 0.000607 0.000221 2.164170 1000
1491103798.858020 2.164507 680 679 1000 0.000116 0.000168 2.164339 1000
1491103798.862181 2.164409 681 680 1000 -0.000098 0.000035 2.164374 1000
1491103798.868075 2.164492 682 681 1000 0.000083 0.000059 2.164433 1000
1491103798.872182 2.164385 683 682 1000 -0.000107 -0.000024 2.164409 1000
1491103798.876216 2.164351 684 683 1000 -0.000034 -0.000029 2.164380 1000
1491103798.880194 2.164391 685 684 1000 0.000040 0.000006 2.164386 1000
1491103798.884212 2.164384 686 685 1000 -0.000007 -0.000001 2.164385 1000
1491103798.888310 2.164296 687 686 1000 -0.000088 -0.000044 2.164340 1000
1491103798.892234 2.164384 688 687 1000 0.000088 0.000022 2.164362 1000
1491103798.900168 2.160475 689 688 1000 -0.003909 -0.001944 2.162419 1000
1491103798.901386 2.163971 690 689 1000 0.003496 0.000776 2.163195 1000
1491103798.904947 2.164410 691 690 1000 0.000439 0.000608 2.163802 1000
1491103798.908834 2.164523 692 691 1000 0.000113 0.000360 2.164163 1000
1491103798.912812 2.164545 693 692 1000 0.000022 0.000191 2.164354 1000
1491103798.917213 2.164144 694 693 1000 -0.000401 -0.000105 2.164249 1000
1491103798.921125 2.164232 695 694 1000 0.000088 -0.000008 2.164240 1000
1491103798.924847 2.164510 696 695 1000 0.000278 0.000135 2.164375 1000
1491103798.928988 2.164369 697 696 1000 -0.000141 -0.000003 2.164372 1000
1491103798.932836 2.164521 698 697 1000 0.000152 0.000074 2.164447 1000
1491103798.936990 2.164367 699 698 1000 -0.000154 -0.000040 2.164407 1000
1491103798.940852 2.164505 700 699 1000 0.000138 0.000049 2.164456 1000
1491103798.945131 2.164226 701 700 1000 -0.000279 -0.000115 2.164341 1000
1491103798.948850 2.164507 702 701 1000 0.000281 0.000083 2.164424 1000
1491103798.952841 2.164516 703 702 1000 0.000009 0.000046 2.164470 1000
1491103798.957191 2.164166 704 703 1000 -0.000350 -0.000152 2.164318 1000
1491103798.960825 2.164532 705 704 1000 0.000366 0.000107 2.164425 1000
1491103798.970183 2.159174 706 705 1000 -0.005358 -0.002625 2.161800 1000
1491103798.970730 2.163478 707 706 1000 0.004304 0.000839 2.162639 1000
1491103798.973796 2.164514 708 707 1000 0.001036 0.000938 2.163576 1000
1491103798.977957 2.164359 709 708 1000 -0.000155 0.000391 2.163968 1000
1491103798.982425 2.163900 710 709 1000 -0.000459 -0.000034 2.163934 1000
1491103798.985656 2.164669 711 710 1000 0.000769 0.000368 2.164301 1000
1491103798.989893 2.164432 712 711 1000 -0.000237 0.000065 2.164367 1000
1491103798.993715 2.164624 713 712 1000 0.000192 0.000129 2.164495 1000
1491103798.997751 2.164599 714 713 1000 -0.000025 0.000052 2.164547 1000
1491103799.001875 2.164514 715 714 1000 -0.000085 -0.000017 2.164531 1000
1491103799.006020 2.164496 716 715 1000 -0.000018 -0.000017 2.164513 1000
1491103799.010094 2.164422 717 716 1000 -0.000074 -0.000046 2.164468 1000
1491103799.014006 2.164510 718 717 1000 0.000088 0.000021 2.164489 1000
1491103799.018000 2.164516 719 718 1000 0.000006 0.000014 2.164503 1000
1491103799.022051 2.164465 720 719 1000 -0.000051 -0.000019 2.164484 1000
1491103799.025904 2.164612 721 720 1000 0.000147 0.000064 2.164548 1000
1491103799.031534 2.164567 722 721 1000 -0.000045 0.000010 2.164557 1000
1491103799.035700 2.164400 723 722 1000 -0.000167 -0.000079 2.164479 1000
1491103799.039490 2.164610 724 723 1000 0.000210 0.000066 2.164544 1000
1491103799.046522 2.164607 725 724 1000 -0.000003 0.000031 2.164576 1000
1491103799.050670 2.164459 726 725 1000 -0.000148 -0.000058 2.164517 1000
1491103799.054616 2.164513 727 726 1000 0.000054 -0.000002 2.164515 1000
1491103799.058608 2.164521 728 727 1000 0.000008 0.000003 2.164518 1000
1491103799.062665 2.164464 729 728 1000 -0.000057 -0.000027 2.164491 1000
1491103799.066715 2.164460 730 729 1000 -0.000004 -0.000016 2.164475 1000
1491103799.070829 2.164581 731 730 1000 0.000121 0.000053 2.164528 1000
1491103799.075379 2.164031 732 731 1000 -0.000550 -0.000249 2.164280 1000
1491103799.078894 2.164516 733 732 1000 0.000485 0.000118 2.164398 1000
1491103799.082766 2.164644 734 733 1000 0.000128 0.000123 2.164521 1000
1491103799.087148 2.164262 735 734 1000 -0.000382 -0.000129 2.164392 1000
1491103799.091097 2.164313 736 735 1000 0.000051 -0.000039 2.164352 1000
1491103799.094853 2.164557 737 736 1000 0.000244 0.000102 2.164455 1000
1491103799.098829 2.164581 738 737 1000 0.000024 0.000063 2.164518 1000
1491103799.102737 2.164673 739 738 1000 0.000092 0.000078 2.164595 1000
1491103799.106710 2.164700 740 739 1000 0.000027 0.000052 2.164648 1000
1491103799.110727 2.164683 741 740 1000 -0.000017 0.000018 2.164665 1000
1491103799.114928 2.164482 742 741 1000 -0.000201 -0.000092 2.164574 1000
1491103799.118742 2.164668 743 742 1000 0.000186 0.000047 2.164621 1000
1491103799.122758 2.164665 744 743 1000 -0.000003 0.000022 2.164643 1000
1491103799.127133 2.164290 745 744 1000 -0.000375 -0.000176 2.164467 1000
1491103799.130738 2.164685 746 745 1000 0.000395 0.000109 2.164576 1000
1491103799.134787 2.164636 747 746 1000 -0.000049 0.000030 2.164606 1000
1491103799.139252 2.164171 748 747 1000 -0.000465 -0.000217 2.164388 1000
1491103799.142749 2.164674 749 748 1000 0.000503 0.000143 2.164531 1000
1491103799.146737 2.164686 750 749 1000 0.000012 0.000077 2.164609 1000
1491103799.150762 2.164661 751 750 1000 -0.000025 0.000026 2.164635 1000
1491103799.154865 2.164558 752 751 1000 -0.000103 -0.000038 2.164596 1000
1491103799.158764 2.164659 753 752 1000 0.000101 0.000031 2.164628 1000
1491103799.162751 2.164672 754 753 1000 0.000013 0.000022 2.164650 1000
1491103799.167277 2.164146 755 754 1000 -0.000526 -0.000252 2.164398 1000
1491103799.170864 2.164559 756 755 1000 0.000413 0.000080 2.164478 1000
1491103799.174857 2.164566 757 756 1000 0.000007 0.000044 2.164522 1000
1491103799.178934 2.164489 758 757 1000 -0.000077 -0.000017 2.164506 1000
1491103799.182713 2.164710 759 758 1000 0.000221 0.000102 2.164608 1000
1491103799.186774 2.164649 760 759 1000 -0.000061 0.000021 2.164628 1000
1491103799.190922 2.164501 761 760 1000 -0.000148 -0.000064 2.164565 1000
1491103799.195865 2.163558 762 761 1000 -0.000943 -0.000503 2.164061 1000
1491103799.198794 2.164629 763 762 1000 0.001071 0.000284 2.164345 1000
1491103799.206608 2.164130 764 763 1000 -0.000499 -0.000108 2.164238 1000
1491103799.210117 2.164621 765 764 1000 0.000491 0.000192 2.164429 1000
1491103799.214086 2.164652 766 765 1000 0.000031 0.000111 2.164541 1000
1491103799.218235 2.164503 767 766 1000 -0.000149 -0.000019 2.164522 1000
1491103799.222103 2.164635 768 767 1000 0.000132 0.000057 2.164578 1000
1491103799.226247 2.164491 769 768 1000 -0.000144 -0.000044 2.164535 1000
1491103799.230117 2.164621 770 769 1000 0.000130 0.000043 2.164578 1000
1491103799.234174 2.164564 771 770 1000 -0.000057 -0.000007 2.164571 1000
1491103799.238110 2.164628 772 771 1000 0.000064 0.000029 2.164599 1000
1491103799.242252 2.164486 773 772 1000 -0.000142 -0.000057 2.164543 1000
1491103799.246528 2.164210 774 773 1000 -0.000276 -0.000166 2.164376 1000
1491103799.250114 2.164624 775 774 1000 0.000414 0.000124 2.164500 1000
1491103799.254110 2.164628 776 775 1000 0.000004 0.000064 2.164564 1000
1491103799.258430 2.164308 777 776 1000 -0.000320 -0.000128 2.164436 1000
1491103799.262102 2.164636 778 777 1000 0.000328 0.000100 2.164536 1000
1491103799.266111 2.164627 779 778 1000 -0.000009 0.000045 2.164582 1000
1491103799.270297 2.164441 780 779 1000 -0.000186 -0.000070 2.164511 1000
1491103799.274126 2.164612 781 780 1000 0.000171 0.000050 2.164562 1000
1491103799.278206 2.164532 782 781 1000 -0.000080 -0.000015 2.164547 1000
1491103799.282218 2.164520 783 782 1000 -0.000012 -0.000013 2.164533 1000
1491103799.286169 2.164569 784 783 1000 0.000049 0.000018 2.164551 1000
1491103799.290241 2.164497 785 784 1000 -0.000072 -0.000027 2.164524 1000
1491103799.294362 2.164376 786 785 1000 -0.000121 -0.000074 2.164450 1000
1491103799.298392 2.164346 787 786 1000 -0.000030 -0.000052 2.164398 1000
1491103799.302103 2.164635 788 787 1000 0.000289 0.000118 2.164516 1000
1491103799.306128 2.164610 789 788 1000 -0.000025 0.000047 2.164563 1000
1491103799.310339 2.164518 790 789 1000 -0.000092 -0.000023 2.164541 1000
1491103799.314207 2.164649 791 790 1000 0.000131 0.000054 2.164595 1000
1491103799.318434 2.164422 792 791 1000 -0.000227 -0.000086 2.164508 1000
1491103799.322351 2.164505 793 792 1000 0.000083 -0.000002 2.164507 1000
1491103799.326205 2.164654 794 793 1000 0.000149 0.000074 2.164580 1000
1491103799.330344 2.164515 795 794 1000 -0.000139 -0.000033 2.164548 1000
1491103799.334220 2.164639 796 795 1000 0.000124 0.000046 2.164593 1000
1491103799.338333 2.164539 797 796 1000 -0.000100 -0.000027 2.164566 1000
1491103799.344199 2.162673 798 797 1000 -0.001866 -0.000947 2.163620 1000
1491103799.348360 2.162536 799 798 1000 -0.000137 -0.000542 2.163078 1000
1491103799.350407 2.164516 800 799 1000 0.001980 0.000719 2.163797 1000
1491103799.354363 2.164560 801 800 1000 0.000044 0.000382 2.164179 1000
1491103799.362575 2.164400 802 801 1000 -0.000160 0.000111 2.164289 1000
1491103799.366383 2.164591 803 802 1000 0.000191 0.000151 2.164440 1000
1491103799.370306 2.164668 804 803 1000 0.000077 0.000114 2.164554 1000
1491103799.374421 2.164562 805 804 1000 -0.000106 0.000004 2.164558 1000
1491103799.378550 2.164433 806 805 1000 -0.000129 -0.000063 2.164496 1000
1491103799.382427 2.164574 807 806 1000 0.000141 0.000039 2.164535 1000
1491103799.386452 2.164558 808 807 1000 -0.000016 0.000012 2.164546 1000
1491103799.390566 2.164509 809 808 1000 -0.000049 -0.000019 2.164528 1000
1491103799.394376 2.164698 810 809 1000 0.000189 0.000085 2.164613 1000
1491103799.398482 2.164592 811 810 1000 -0.000106 -0.000010 2.164602 1000
1491103799.402353 2.164721 812 811 1000 0.000129 0.000059 2.164662 1000
1491103799.406398 2.164676 813 812 1000 -0.000045 0.000007 2.164669 1000
1491103799.410521 2.164658 814 813 1000 -0.000018 -0.000005 2.164663 1000
1491103799.415606 2.164586 815 814 1000 -0.000072 -0.000039 2.164625 1000
1491103799.419544 2.164648 816 815 1000 0.000062 0.000012 2.164636 1000
1491103799.423601 2.164591 817 816 1000 -0.000057 -0.000023 2.164614 1000
1491103799.427585 2.164607 818 817 1000 0.000016 -0.000003 2.164610 1000
1491103799.431578 2.164614 819 818 1000 0.000007 0.000002 2.164612 1000
1491103799.436071 2.164121 820 819 1000 -0.000493 -0.000246 2.164367 1000
1491103799.439572 2.164620 821 820 1000 0.000499 0.000127 2.164493 1000
1491103799.443561 2.164631 822 821 1000 0.000011 0.000069 2.164562 1000
1491103799.447651 2.164541 823 822 1000 -0.000090 -0.000011 2.164552 1000
1491103799.451578 2.164614 824 823 1000 0.000073 0.000031 2.164583 1000
1491103799.455701 2.164505 825 824 1000 -0.000109 -0.000039 2.164544 1000
1491103799.459582 2.164624 826 825 1000 0.000119 0.000040 2.164584 1000
1491103799.463933 2.164273 827 826 1000 -0.000351 -0.000155 2.164428 1000
1491103799.467696 2.164510 828 827 1000 0.000237 0.000041 2.164469 1000
1491103799.471823 2.164383 829 828 1000 -0.000127 -0.000043 2.164426 1000
1491103799.475908 2.164298 830 829 1000 -0.000085 -0.000064 2.164362 1000
1491103799.479650 2.164556 831 830 1000 0.000258 0.000097 2.164459 1000
1491103799.483514 2.164692 832 831 1000 0.000136 0.000116 2.164575 1000
1491103799.487689 2.164517 833 832 1000 -0.000175 -0.000029 2.164546 1000
1491103799.491541 2.164665 834 833 1000 0.000148 0.000059 2.164606 1000
1491103799.495529 2.164677 835 834 1000 0.000012 0.000036 2.164641 1000
1491103799.499528 2.164678 836 835 1000 0.000001 0.000018 2.164660 1000
1491103799.503685 2.164521 837 836 1000 -0.000157 -0.000069 2.164590 1000
1491103799.508447 2.163790 838 837 1000 -0.000731 -0.000400 2.164190 1000
1491103799.511759 2.164488 839 838 1000 0.000698 0.000149 2.164339 1000
1491103799.516094 2.164152 840 839 1000 -0.000336 -0.000093 2.164246 1000
1491103799.519871 2.164408 841 840 1000 0.000256 0.000081 2.164327 1000
1491103799.523658 2.164621 842 841 1000 0.000213 0.000147 2.164474 1000
1491103799.528379 2.163900 843 842 1000 -0.000721 -0.000287 2.164187 1000
1491103799.531880 2.164399 844 843 1000 0.000499 0.000106 2.164293 1000
1491103799.535903 2.164394 845 844 1000 -0.000005 0.000051 2.164344 1000
1491103799.539989 2.164347 846 845 1000 -0.000047 0.000002 2.164345 1000
1491103799.543732 2.164679 847 846 1000 0.000332 0.000167 2.164512 1000
1491103799.547881 2.164530 848 847 1000 -0.000149 0.000009 2.164521 1000
1491103799.551849 2.164562 849 848 1000 0.000032 0.000021 2.164542 1000
1491103799.555891 2.164520 850 849 1000 -0.000042 -0.000011 2.164531 1000
1491103799.567234 2.164311 851 850 1000 -0.000209 -0.000110 2.164421 1000
1491103799.570866 2.164679 852 851 1000 0.000368 0.000129 2.164550 1000
1491103799.574877 2.164668 853 852 1000 -0.000011 0.000059 2.164609 1000
1491103799.578947 2.164697 854 853 1000 0.000029 0.000044 2.164653 1000
1491103799.583110 2.164533 855 854 1000 -0.000164 -0.000060 2.164593 1000
1491103799.586974 2.164669 856 855 1000 0.000136 0.000038 2.164631 1000
1491103799.591044 2.164599 857 856 1000 -0.000070 -0.000016 2.164615 1000
1491103799.595154 2.164489 858 857 1000 -0.000110 -0.000063 2.164552 1000
1491103799.599032 2.164611 859 858 1000 0.000122 0.000030 2.164582 1000
1491103799.602954 2.164689 860 859 1000 0.000078 0.000054 2.164635 1000
1491103799.607458 2.164185 861 860 1000 -0.000504 -0.000225 2.164410 1000
1491103799.611079 2.164564 862 861 1000 0.000379 0.000077 2.164487 1000
1491103799.614957 2.164686 863 862 1000 0.000122 0.000099 2.164587 1000
1491103799.618997 2.164646 864 863 1000 -0.000040 0.000030 2.164616 1000
1491103799.623100 2.164543 865 864 1000 -0.000103 -0.000037 2.164580 1000
1491103799.627101 2.164542 866 865 1000 -0.000001 -0.000019 2.164561 1000
1491103799.634944 2.164220 867 866 1000 -0.000322 -0.000170 2.164390 1000
1491103799.638557 2.164630 868 867 1000 0.000410 0.000120 2.164510 1000
1491103799.642643 2.164549 869 868 1000 -0.000081 0.000019 2.164530 1000
1491103799.646846 2.164578 870 869 1000 0.000029 0.000024 2.164554 1000
1491103799.650735 2.164689 871 870 1000 0.000111 0.000068 2.164621 1000
1491103799.654886 2.164538 872 871 1000 -0.000151 -0.000042 2.164580 1000
1491103799.658806 2.164618 873 872 1000 0.000080 0.000019 2.164599 1000
1491103799.662878 2.164546 874 873 1000 -0.000072 -0.000026 2.164572 1000
1491103799.667229 2.164665 875 874 1000 0.000119 0.000046 2.164619 1000
1491103799.671219 2.164675 876 875 1000 0.000010 0.000028 2.164647 1000
1491103799.675633 2.164261 877 876 1000 -0.000414 -0.000193 2.164454 1000
1491103799.679192 2.164702 878 877 1000 0.000441 0.000124 2.164578 1000
1491103799.683207 2.164687 879 878 1000 -0.000015 0.000054 2.164632 1000
1491103799.687580 2.164314 880 879 1000 -0.000373 -0.000159 2.164473 1000
1491103799.691410 2.164603 881 880 1000 0.000289 0.000065 2.164538 1000
1491103799.695376 2.164637 882 881 1000 0.000034 0.000050 2.164588 1000
1491103799.699833 2.164180 883 882 1000 -0.000457 -0.000204 2.164384 1000
1491103799.704093 2.163920 884 883 1000 -0.000260 -0.000232 2.164152 1000
1491103799.708096 2.163917 885 884 1000 -0.000003 -0.000117 2.164034 1000
1491103799.711747 2.164266 886 885 1000 0.000349 0.000116 2.164150 1000
1491103799.715448 2.164565 887 886 1000 0.000299 0.000207 2.164358 1000
1491103799.722522 2.161491 888 887 1000 -0.003074 -0.001433 2.162924 1000
1491103799.724795 2.164357 889 888 1000 0.002866 0.000716 2.163641 1000
1491103799.728837 2.164314 890 889 1000 -0.000043 0.000337 2.163977 1000
1491103799.732551 2.164600 891 890 1000 0.000286 0.000311 2.164289 1000
1491103799.736804 2.164347 892 891 1000 -0.000253 0.000029 2.164318 1000
1491103799.740694 2.164457 893 892 1000 0.000110 0.000070 2.164387 1000
1491103799.744552 2.164599 894 893 1000 0.000142 0.000106 2.164493 1000
1491103799.748657 2.164494 895 894 1000 -0.000105 0.000000 2.164494 1000
1491103799.752991 2.164160 896 895 1000 -0.000334 -0.000167 2.164327 1000
1491103799.756546 2.164605 897 896 1000 0.000445 0.000139 2.164466 1000
1491103799.760543 2.164608 898 897 1000 0.000003 0.000071 2.164537 1000
1491103799.764923 2.164228 899 898 1000 -0.000380 -0.000154 2.164382 1000
1491103799.768646 2.164505 900 899 1000 0.000277 0.000061 2.164444 1000
1491103799.772729 2.164422 901 900 1000 -0.000083 -0.000011 2.164433 1000
1491103799.776698 2.164453 902 901 1000 0.000031 0.000010 2.164443 1000
1491103799.780518 2.164633 903 902 1000 0.000180 0.000095 2.164538 1000
1491103799.784616 2.164535 904 903 1000 -0.000098 -0.000001 2.164536 1000
1491103799.788666 2.164485 905 904 1000 -0.000050 -0.000026 2.164511 1000
1491103799.792776 2.164375 906 905 1000 -0.000110 -0.000068 2.164443 1000
1491103799.796495 2.164656 907 906 1000 0.000281 0.000107 2.164549 1000
1491103799.800497 2.164654 908 907 1000 -0.000002 0.000052 2.164602 1000
1491103799.804904 2.164247 909 908 1000 -0.000407 -0.000177 2.164424 1000
1491103799.808526 2.164625 910 909 1000 0.000378 0.000100 2.164525 1000
1491103799.812623 2.164528 911 910 1000 -0.000097 0.000002 2.164526 1000
1491103799.816894 2.164257 912 911 1000 -0.000271 -0.000135 2.164392 1000
1491103799.820581 2.164570 913 912 1000 0.000313 0.000089 2.164481 1000
1491103799.824448 2.164703 914 913 1000 0.000133 0.000111 2.164592 1000
1491103799.828530 2.164621 915 914 1000 -0.000082 0.000014 2.164606 1000
1491103799.832475 2.164676 916 915 1000 0.000055 0.000035 2.164641 1000
1491103799.836467 2.164684 917 916 1000 0.000008 0.000021 2.164663 1000
1491103799.840520 2.164631 918 917 1000 -0.000053 -0.000016 2.164647 1000
1491103799.844710 2.164441 919 918 1000 -0.000190 -0.000103 2.164544 1000
1491103799.848572 2.164579 920 919 1000 0.000138 0.000018 2.164561 1000
1491103799.852464 2.164687 921 920 1000 0.000108 0.000063 2.164624 1000
1491103799.856555 2.164596 922 921 1000 -0.000091 -0.000014 2.164610 1000
1491103799.861151 2.164675 923 922 1000 0.000079 0.000032 2.164643 1000
1491103799.865140 2.164686 924 923 1000 0.000011 0.000022 2.164664 1000
1491103799.869199 2.164627 925 924 1000 -0.000059 -0.000019 2.164646 1000
1491103799.873141 2.164685 926 925 1000 0.000058 0.000020 2.164665 1000
1491103799.877113 2.164713 927 926 1000 0.000028 0.000024 2.164689 1000
1491103799.881308 2.164518 928 927 1000 -0.000195 -0.000086 2.164604 1000
1491103799.885431 2.164395 929 928 1000 -0.000123 -0.000104 2.164499 1000
1491103799.889198 2.164628 930 929 1000 0.000233 0.000064 2.164564 1000
1491103799.893324 2.164502 931 930 1000 -0.000126 -0.000031 2.164533 1000
1491103799.897436 2.164390 932 931 1000 -0.000112 -0.000071 2.164461 1000
1491103799.901212 2.164614 933 932 1000 0.000224 0.000076 2.164538 1000
1491103799.909484 2.164563 934 933 1000 -0.000051 0.000013 2.164550 1000
1491103799.913401 2.164646 935 934 1000 0.000083 0.000048 2.164598 1000
1491103799.917405 2.164642 936 935 1000 -0.000004 0.000022 2.164620 1000
1491103799.921406 2.164641 937 936 1000 -0.000001 0.000010 2.164631 1000
1491103799.925431 2.164616 938 937 1000 -0.000025 -0.000007 2.164623 1000
1491103799.929755 2.164292 939 938 1000 -0.000324 -0.000166 2.164458 1000
1491103799.933370 2.164677 940 939 1000 0.000385 0.000110 2.164567 1000
1491103799.937591 2.164466 941 940 1000 -0.000211 -0.000051 2.164517 1000
1491103799.941423 2.164633 942 941 1000 0.000167 0.000058 2.164575 1000
1491103799.945551 2.164505 943 942 1000 -0.000128 -0.000035 2.164540 1000
1491103799.949819 2.164237 944 943 1000 -0.000268 -0.000151 2.164388 1000
1491103799.953550 2.164506 945 944 1000 0.000269 0.000059 2.164447 1000
1491103799.957538 2.164518 946 945 1000 0.000012 0.000035 2.164483 1000
1491103799.961620 2.164436 947 946 1000 -0.000082 -0.000023 2.164459 1000
1491103799.965538 2.164518 948 947 1000 0.000082 0.000029 2.164489 1000
1491103799.969608 2.164535 949 948 1000 0.000017 0.000023 2.164512 1000
1491103799.973481 2.164662 950 949 1000 0.000127 0.000075 2.164587 1000
1491103799.977718 2.164425 951 950 1000 -0.000237 -0.000081 2.164506 1000
1491103799.981646 2.164497 952 951 1000 0.000072 -0.000005 2.164501 1000
1491103799.985471 2.164672 953 952 1000 0.000175 0.000085 2.164587 1000
1491103799.989887 2.164256 954 953 1000 -0.000416 -0.000165 2.164421 1000
1491103799.993459 2.164684 955 954 1000 0.000428 0.000131 2.164553 1000
1491103799.997468 2.164675 956 955 1000 -0.000009 0.000061 2.164614 1000
1491103800.013661 2.152482 957 956 1000 -0.012193 -0.006066 2.158548 1000
1491103800.014137 2.156648 958 957 1000 0.004166 -0.000950 2.157598 1000
1491103800.014612 2.160668 959 958 1000 0.004020 0.001535 2.159133 1000
1491103800.019186 2.162026 960 959 1000 0.001358 0.001446 2.160579 1000
1491103800.021028 2.164886 961 960 1000 0.002860 0.002153 2.162733 1000
1491103800.025171 2.164743 962 961 1000 -0.000143 0.001005 2.163738 1000
1491103800.029198 2.164716 963 962 1000 -0.000027 0.000489 2.164227 1000
1491103800.033295 2.164619 964 963 1000 -0.000097 0.000196 2.164423 1000
1491103800.037236 2.164678 965 964 1000 0.000059 0.000128 2.164551 1000
1491103800.041278 2.164636 966 965 1000 -0.000042 0.000043 2.164593 1000
1491103800.045494 2.164420 967 966 1000 -0.000216 -0.000087 2.164507 1000
1491103800.049245 2.164669 968 967 1000 0.000249 0.000081 2.164588 1000
1491103800.056859 2.164532 969 968 1000 -0.000137 -0.000028 2.164560 1000
1491103800.060859 2.164531 970 969 1000 -0.000001 -0.000014 2.164545 1000
1491103800.064704 2.164686 971 970 1000 0.000155 0.000070 2.164616 1000
1491103800.068713 2.164677 972 971 1000 -0.000009 0.000031 2.164646 1000
1491103800.072910 2.164480 973 972 1000 -0.000197 -0.000083 2.164563 1000
1491103800.076720 2.164670 974 973 1000 0.000190 0.000053 2.164617 1000
1491103800.080823 2.164567 975 974 1000 -0.000103 -0.000025 2.164592 1000
1491103800.084977 2.164413 976 975 1000 -0.000154 -0.000089 2.164502 1000
1491103800.088719 2.164671 977 976 1000 0.000258 0.000084 2.164587 1000
1491103800.092719 2.164671 978 977 1000 -0.000000 0.000042 2.164629 1000
1491103800.096920 2.164470 979 978 1000 -0.000201 -0.000079 2.164549 1000
1491103800.100674 2.164716 980 979 1000 0.000246 0.000083 2.164633 1000
1491103800.104815 2.164575 981 980 1000 -0.000141 -0.000029 2.164604 1000
1491103800.108807 2.164608 982 981 1000 0.000033 0.000002 2.164606 1000
1491103800.112961 2.164454 983 982 1000 -0.000154 -0.000076 2.164530 1000
1491103800.117050 2.164365 984 983 1000 -0.000089 -0.000082 2.164448 1000
1491103800.120898 2.164517 985 984 1000 0.000152 0.000035 2.164482 1000
1491103800.125076 2.164339 986 985 1000 -0.000178 -0.000072 2.164411 1000
1491103800.128897 2.164518 987 986 1000 0.000179 0.000054 2.164464 1000
1491103800.132892 2.164523 988 987 1000 0.000005 0.000029 2.164494 1000
1491103800.136858 2.164557 989 988 1000 0.000034 0.000032 2.164525 1000
1491103800.140936 2.164479 990 989 1000 -0.000078 -0.000023 2.164502 1000
1491103800.144803 2.164627 991 990 1000 0.000148 0.000062 2.164565 1000
1491103800.148813 2.164627 992 991 1000 0.000000 0.000031 2.164596 1000
1491103800.152948 2.164492 993 992 1000 -0.000135 -0.000052 2.164544 1000
1491103800.156849 2.164613 994 993 1000 0.000121 0.000035 2.164578 1000
1491103800.160845 2.164634 995 994 1000 0.000021 0.000028 2.164606 1000
1491103800.165235 2.164244 996 995 1000 -0.000390 -0.000181 2.164425 1000
1491103800.168940 2.164554 997 996 1000 0.000310 0.000064 2.164489 1000
1491103800.172960 2.164544 998 997 1000 -0.000010 0.000027 2.164517 1000
1491103800.177688 2.164373 999 998 1000 -0.000171 -0.000072 2.164445 1000
1491103800.181439 2.164622 1000 999 1000 0.000249 0.000089 2.164533 1000
1491103800.183602 2.162459 -1 1000 1000 -0.002163 -0.001037 2.163496 1000
